-4  10  -3      0.1000      0.3700      1.1004
-4  11  -4      3.4800      1.1200      1.0977
-4  11  -3     28.3500      2.4400      1.0469
-4  12  -4     12.8000      1.5900      1.0440
-4  12  -3     19.8900      2.1400      0.9942
-3   8  -3     23.7400      1.1200      1.4877
-3   9  -3      0.1700      0.1500      1.3920
-3  10  -3     32.4900      1.5100      1.3004
-2   6  -2      0.5700      0.0900      2.0880
-1   3  -1      4.0900      0.0800      4.1760
-5   7  -4      1.1500      0.7800      1.0521
-5   8  -5      3.1100      1.1700      1.0616
-5   8  -4      0.4700      0.4900      1.0316
-5   9  -5      0.7300      0.5500      1.0356
-5   9  -4      0.3100      0.7600      1.0053
-5  10  -5      4.4900      1.3900      1.0057
-4   6  -4      1.9300      0.4700      1.3409
-4   7  -4      1.7600      0.4900      1.3032
-4   7  -3      3.3500      0.6900      1.2512
-4   8  -4      1.2900      0.5200      1.2571
-3   5  -3      2.2000      0.2900      1.7558
-3   6  -3     65.4800      1.2800      1.6761
-2   3  -2      8.3100      0.1800      2.6818
-2   4  -2      5.2100      0.1500      2.5141
-5   4  -6      0.2900      0.4000      1.1014
-5   4  -5     11.0800      1.5300      1.0950
-5   5  -6      4.6700      1.2100      1.1060
-5   5  -5      0.6000      0.4700      1.1006
-4   3  -4      7.0100      0.7200      1.3649
-4   4  -5      0.4000      0.2200      1.3802
-4   4  -4      4.0900      0.5900      1.3757
-3   3  -3      1.4000      0.1900      1.8343
-2   2  -2     36.8200      0.3400      2.7513
-4  12  -6      5.4500      1.2300      1.0794
-4  13  -6      4.6700      1.6400      1.0320
-3   9  -4      0.4000      0.2800      1.4346
-3  10  -5      4.4400      0.7500      1.3561
-3  11  -5     14.3800      1.2900      1.2791
-3  12  -5      7.4400      1.1100      1.2055
-2   6  -3     47.2500      0.6800      2.1589
-2   7  -3    119.5300      1.2000      1.9718
-5   9  -7      1.6800      0.8000      1.0402
-5  10  -7      3.6600      1.5800      1.0149
-4   8  -7      0.3500      0.5300      1.2317
-4   8  -6      2.6300      0.8700      1.2615
-4   9  -7      8.8300      1.3500      1.1961
-4   9  -6      0.2600      0.5000      1.2196
-4  10  -7      1.6500      0.7800      1.1569
-3   6  -5      0.6100      0.2400      1.6575
-3   6  -4     35.1100      1.0300      1.6955
-3   7  -5      9.4800      0.6800      1.5894
-3   7  -4      0.8800      0.2400      1.6130
-2   4  -3     21.5000      0.3200      2.5229
-5   5  -8      4.8100      1.3400      1.0664
-5   6  -9      7.7600      1.6600      1.0314
-5   6  -8      9.6100      1.9500      1.0641
-5   7  -9      2.7600      1.1700      1.0249
-5   7  -8      0.5300      0.6200      1.0556
-5   8  -9      2.7300      1.3100      1.0136
-4   4  -6     17.5200      1.5500      1.3508
-4   5  -7      0.4800      0.3400      1.2987
-4   5  -6      3.1400      0.6700      1.3450
-4   6  -7      0.9400      0.6400      1.2847
-3   4  -5      1.0000      0.1800      1.7488
-2   2  -3      3.5300      0.1500      2.7018
-3  13  -8      0.7400      0.6400      1.1069
-3  14  -9      0.4900      0.8300      1.0342
-3  14  -8      9.1100      2.0600      1.0586
-2   8  -5      0.6600      0.2100      1.7582
-2   9  -6      0.3600      0.1900      1.5827
-2   9  -5     12.1600      0.7500      1.6401
-2  10  -6      0.4700      0.2900      1.4891
-2  11  -7      0.4300      0.3900      1.3570
-2  11  -6     13.4500      1.1300      1.3992
-2  12  -7      3.3900      0.7700      1.2841
-1   5  -3     42.1600      0.3900      2.9785
-4  10 -10      3.4200      1.4100      1.0502
-4  10  -9      2.0500      1.0900      1.0910
-4  11  -9      5.3500      1.4500      1.0607
-4  12  -9      1.2700      0.8700      1.0286
-3   8  -8      4.0400      0.8000      1.3428
-3   8  -7      1.4700      0.6000      1.4119
-3   9  -8      2.9800      0.7700      1.3000
-3  10  -9      3.7800      0.9700      1.1997
-3  10  -8      0.7200      0.6000      1.2536
-3  11  -9      3.8000      1.2800      1.1598
-2   5  -5      6.9200      0.3400      2.1002
-2   6  -6      0.1700      0.0900      1.8558
-2   6  -5     11.9300      0.4800      1.9950
-2   7  -6      0.2900      0.1600      1.7700
-1   3  -3      0.8400      0.0500      3.7116
-4   6 -10      0.4900      0.7000      1.1158
-4   6  -9      1.4900      0.7100      1.1746
-4   7 -11      1.4900      0.8700      1.0518
-4   7 -10      5.4800      1.4900      1.1064
-4   7  -9      7.9500      1.4900      1.1614
-4   8 -11      3.6400      1.5800      1.0406
-4   8 -10      1.2800      1.1500      1.0918
-3   5  -9      0.6500      0.3500      1.3347
-3   5  -8     17.8100      1.2100      1.4306
-3   5  -7      0.7100      0.2900      1.5303
-3   6  -9     19.4900      1.6000      1.3211
-3   6  -8      5.4400      0.8000      1.4102
-2   3  -5      3.1500      0.2000      2.2319
-2   4  -6     84.7700      1.2300      1.9817
-2   4  -5     82.6200      0.9800      2.1834
-1   2  -3     38.0800      0.3200      3.9632
 1   5  -5     59.7500      0.5800      2.4439
 1   6  -6      2.5100      0.2000      2.0744
 1   7  -7      5.9200      0.4300      1.7980
 1   8  -8      6.7500      0.6700      1.5848
 1   8  -7      1.1200      0.2300      1.7059
 1   9  -9     11.6300      1.0900      1.4157
 1   9  -8      4.9700      0.5800      1.5131
 2  10 -11      6.9800      1.3700      1.1560
 2  10 -10      2.0100      0.6000      1.2219
 2  11 -12      0.8300      0.7900      1.0660
 2  11 -11      2.1700      0.8700      1.1225
 2  11 -10      0.3400      0.5400      1.1803
 2  12 -12      2.4700      1.4500      1.0371
 1   5  -9      3.2200      0.4800      1.5887
 1   5  -8      2.8500      0.3400      1.7572
 1   5  -7      3.1000      0.2500      1.9554
 1   6 -10      0.4700      0.3700      1.4264
 1   6  -9      3.6700      0.5400      1.5587
 1   6  -8      4.7700      0.4500      1.7106
 1   7 -11      7.2900      1.2800      1.2924
 1   7 -10      1.3300      0.5400      1.3985
 1   7  -9     15.1000      1.0300      1.5181
 1   8 -13      0.9300      0.7700      1.1024
 1   8 -12      5.7400      1.3200      1.1802
 1   8 -11      1.1500      0.6400      1.2670
 1   9 -14      2.7800      1.1900      1.0198
 1   9 -13      1.1600      0.8300      1.0853
 1   9 -12      3.7500      1.1500      1.1574
 1  10 -14      2.5300      1.5100      1.0040
 1  10 -13      1.5000      1.0100      1.0649
 0   2  -6     13.2500      0.2800      2.4660
 0   3  -9      7.4400      0.6000      1.6441
 0   3  -8      9.0900      0.4800      1.8508
 0   4 -12      1.0500      0.6000      1.2330
 0   4 -11      1.1100      0.5700      1.3462
 0   5 -14      0.6800      0.6900      1.0574
 0   5 -13      5.1300      1.3700      1.1389
 1   5 -13      0.4300      0.8900      1.1273
 1   5 -12      1.1000      0.8000      1.2180
 1   6 -14      1.7600      1.1100      1.0472
 1   3  -3      8.3100      0.1300      3.6743
 2   5  -6     14.1400      0.4800      1.9146
 2   6  -7     11.4100      0.6300      1.7077
 2   6  -6     55.7600      1.0200      1.8371
 2   7  -8      0.7900      0.3400      1.5325
 2   7  -7      0.3500      0.1700      1.6420
 3   8 -10     33.3600      2.4000      1.1955
 3   8  -9      1.0000      0.5100      1.2605
 3   9 -11      2.2600      1.1600      1.1096
 3   9 -10      1.0000      0.7700      1.1676
 3   9  -9      3.4100      0.7700      1.2248
 3  10 -12      0.7000      1.0200      1.0327
 3  10 -11      2.0000      0.7700      1.0842
 3  10 -10      5.0700      1.0500      1.1356
 3  11 -11      0.9600      0.6500      1.0558
 1   2  -4     22.3300      0.2400      3.2709
 1   3  -5     30.3100      0.3800      2.7001
 2   4  -9      3.0000      0.5000      1.4937
 2   4  -8     16.4900      0.8000      1.6355
 2   4  -7      0.5900      0.1700      1.7957
 2   5 -10     11.4500      1.1200      1.3649
 2   5  -9      2.3200      0.4800      1.4827
 2   5  -8      1.7100      0.3100      1.6150
 2   6 -11      1.1500      0.6900      1.2519
 2   6 -10     19.5900      1.5500      1.3500
 2   6  -9      1.2100      0.5200      1.4594
 3   5 -12     11.8500      1.7800      1.0927
 3   6 -13      2.1500      1.1300      1.0259
 3   6 -12      7.8400      1.5500      1.0903
 3   6 -11      4.1100      1.0600      1.1602
 3   7 -12      0.3800      0.6300      1.0824
 1   1  -6     16.2300      0.3500      2.2847
 1   2  -9      5.8100      0.5400      1.5892
 1   2  -8     18.7800      0.7500      1.7825
 1   2  -7      3.1400      0.2500      2.0247
 1   2  -6      0.0600      0.0300      2.3348
 2   2 -13     10.0100      1.7200      1.0607
 2   2 -12      2.0900      0.9100      1.1424
 2   3 -14      1.2600      0.9800      1.0033
 2   3 -13      1.3700      0.8300      1.0758
 2   3 -12      6.0900      1.1600      1.1586
 2   3 -11      1.5600      0.6300      1.2536
 2   4 -13      1.5400      1.0900      1.0849
 2   4 -12      1.2000      0.9400      1.1674
 2   5 -14      0.7500      0.8800      1.0168
 2   3  -4     27.2200      0.3700      2.3831
 2   4  -5      3.7300      0.2100      2.1497
 3   5  -7      0.2600      0.1600      1.5006
 3   5  -6     86.7100      1.6400      1.5744
 3   6  -7      5.5000      0.6100      1.4702
 4   6  -8      0.2400      0.3600      1.1917
 4   7  -9     23.2800      2.0500      1.1353
 4   7  -8      0.0400      0.3200      1.1742
 4   8  -9      5.5900      1.1600      1.1157
 1   1  -3     14.4400      0.1700      3.9718
 2   2  -6     17.3800      0.4800      1.9859
 2   2  -5      8.1500      0.2500      2.1982
 2   3  -6      0.7500      0.1400      1.9976
 3   2  -8      3.9000      0.6100      1.3950
 3   3  -9      2.0200      0.6000      1.3239
 3   3  -8     22.0900      1.2500      1.4178
 3   3  -7      3.2300      0.4400      1.5125
 3   4  -9      3.1200      0.7200      1.3322
 3   4  -8      0.3800      0.2600      1.4242
 4   3 -11      1.2900      0.7200      1.0340
 4   4 -12      1.2700      0.8600      0.9930
 4   4 -11     13.3900      1.8600      1.0455
 4   4 -10      0.3200      0.4800      1.0991
 4   5 -12      0.9500      0.8300      0.9985
 4   5 -11      1.1600      0.9500      1.0505
 4   5 -10      3.1300      1.1200      1.1032
 4   6 -11      6.4800      1.5000      1.0492
 1   0  -4      1.0600      0.0600      3.0298
 2   0  -8      0.2000      0.1600      1.5150
 2   1  -9      1.2800      0.3500      1.4359
 2   1  -8      0.4600      0.1800      1.5778
 2   1  -7     17.6000      0.7200      1.7428
 3   0 -12     16.0500      2.2400      1.0099
 3   0 -11      0.7500      0.4800      1.0750
 3   1 -12      0.4100      0.6600      1.0394
 3   2 -12      5.1300      1.2600      1.0626
 3   2 -11     11.3000      1.6100      1.1355
 2   2  -3      8.3700      0.1700      2.5017
 3   4  -5     40.3400      0.9800      1.6531
 3   4  -4      7.4300      0.3500      1.6529
 4   4  -6     33.4700      1.6800      1.2508
 4   5  -7      0.8300      0.4500      1.2351
 4   5  -6    104.9200      2.6600      1.2500
 5   5  -8      2.3300      0.9500      0.9982
 5   6  -8      6.5600      1.3000      0.9987
 5   6  -7     11.5000      1.4900      0.9994
 3   1  -6      0.1500      0.2000      1.5163
 3   2  -6     24.0400      0.9100      1.5719
 4   1  -8      9.5500      1.2400      1.1234
 4   2  -9      4.3700      0.9600      1.1167
 4   2  -8      0.2400      0.3500      1.1608
 4   2  -7     24.9000      1.5400      1.1928
 4   3  -8     34.6500      2.0400      1.1859
 2  -1  -6      0.1800      0.1000      1.6929
 2   0  -5      0.0500      0.0400      2.0046
 3  -1 -10      0.1600      0.3400      1.0964
 3  -1  -9     23.4900      1.7200      1.1619
 3  -1  -8      0.9200      0.4400      1.2268
 3   0  -8      1.5200      0.5100      1.2984
 4   0 -10      2.0600      0.8000      1.0023
 2   2  -2      3.5400      0.1000      2.3314
 3   2  -3     91.2200      1.3200      1.5014
 3   3  -3      9.5800      0.4500      1.5542
 4   3  -5      1.1500      0.3400      1.2144
 4   3  -4      0.5900      0.3900      1.1399
 4   4  -4     42.1200      1.6400      1.1656
 2   0  -3      0.0500      0.0200      2.1656
 3   0  -4      8.5000      0.5100      1.4070
 3   1  -4      3.1000      0.3000      1.5375
 4   0  -6     54.0600      2.2700      1.0828
 4   1  -6      1.4400      0.4700      1.1512
 4   1  -5      8.7800      0.8800      1.1137
 2  -1  -4      1.2500      0.1200      1.8920
 3  -2  -7      6.7700      0.8000      1.1816
 3  -2  -6     26.0500      1.2900      1.1956
 3   2  -2      1.7400      0.2800      1.2081
 3   3  -2    331.0700      2.6800      1.2942
 4   4  -3      0.9300      0.3900      1.0320
 1   0  -1      0.0400      0.0100      3.6860
 2   0  -2    155.3200      0.7700      1.8430
 3  -1  -3     15.8100      0.9000      1.0249
 3   0  -3      0.3200      0.1400      1.2287
 2  -3  -4     51.3800      1.1700      1.2670
 1  -1  -1     42.4900      0.2400      1.7445
 1  -4  -3     29.9200      0.8600      1.0294
 1   8  -2    113.9600      1.0300      1.8687
 1   9  -2     14.5800      0.5600      1.6479
 1  10  -2      6.0300      0.5100      1.4684
 1  11  -3      6.0100      0.5900      1.4342
 1  12  -3      0.3300      0.2000      1.3031
 1  13  -3      9.2700      1.0700      1.1912
 1  14  -3      0.6200      0.3900      1.0951
 1  15  -4      1.0400      0.6300      1.0694
 1  15  -3      2.3700      0.8600      1.0117
